# timecode format v2
0.000
40.002
80.026
120.001
160.001
200.002
240.001
280.001
320.001
360.001
399.999
440.000
479.999
519.998
560.001
600.001
639.999
679.997
719.999
759.996
799.998
839.999
879.996
919.997
959.995
999.997
1039.994
1079.995
1119.994
1159.995
1199.999
1239.994
1279.993
1319.994
1359.992
1400.003
1439.993
1479.994
1519.992
1559.993
1599.992
1639.993
1679.993
1719.992
1759.990
1799.990
1839.994
1879.991
1919.991
1959.990
1999.990
2039.990
2079.989
2119.993
2159.989
2199.989
2239.988
2279.988
2320.006
2359.987
2399.987
2439.988
2479.987
2519.986
2559.986
2599.986
2639.990
2679.985
2719.986
2759.985
2799.990
2839.986
2879.984
2919.984
2959.983
2999.985
3039.983
3079.987
3119.983
3159.987
3199.982
3239.982
3279.983
3319.982
3359.986
3399.980
3439.987
3479.980
3520.000
3559.981
3599.980
3639.980
3679.979
3719.982
3759.980
3799.980
3839.982
3879.980
3919.981
3959.977
3999.978
4039.977
4079.980
4119.977
4159.980
4199.994
4239.977
4279.979
4319.977
4359.978
4399.976
4439.990
4479.977
4519.975
4559.975
4599.984
4639.974
4679.974
4719.972
4759.973
4799.973
4839.973
4879.978
4919.972
4959.972
4999.975
5039.971
5079.971
5119.976
5159.972
5199.972
5239.972
5279.970
5319.971
5359.970
5399.970
5439.970
5479.969
5519.971
5559.969
5599.970
5639.969
5679.970
5719.967
5759.968
5799.969
5839.970
5879.969
5919.976
5959.967
5999.966
6039.966
6079.965
6119.966
6159.966
6199.965
6239.964
6279.966
6319.964
6359.965
6399.974
6439.963
6479.964
6519.967
6559.966
6599.972
6639.963
6679.963
6719.961
6759.962
6799.961
6839.961
6879.989
6919.961
6959.974
6999.958
7039.966
7079.961
7119.963
7159.959
7199.961
7239.959
7279.958
7319.960
7359.957
7399.958
7439.960
7479.959
7519.957
7559.956
7599.960
7639.958
7679.958
7719.959
7759.955
7799.960
7839.958
7879.979
7919.964
7959.955
7999.955
8039.954
8079.954
8119.955
8159.953
8199.953
8239.953
8279.953
8319.955
8359.952
8399.952
8439.955
8479.952
8519.963
8559.955
8599.952
8639.951
8679.950
8719.952
8759.951
8799.961
8839.952
8879.950
8919.951
8959.951
8999.949
9039.951
9079.951
9119.949
9159.954
9199.948
9239.947
9279.947
9319.948
9359.946
9399.946
9439.946
9479.946
9519.946
9559.945
9599.946
9639.947
9679.944
