# timecode format v2
0.000
39.992
79.998
119.995
159.995
200.003
239.989
280.007
319.990
359.988
399.987
439.988
479.988
519.999
559.991
600.011
639.990
680.014
719.988
759.998
799.988
839.990
879.991
919.990
960.020
1000.016
1039.984
1079.987
1119.986
1159.982
1199.991
1239.984
1279.993
1319.984
1359.984
1400.006
1439.982
1479.985
1519.981
1559.985
1599.989
1639.995
1679.997
1719.986
1759.991
1799.984
1839.985
1879.988
1919.983
1959.978
1999.976
2039.976
2079.991
2119.981
2159.978
2199.994
2239.977
2279.978
2319.979
2359.976
2399.973
2440.007
2479.974
2519.973
2559.972
2599.971
2639.978
2679.972
2719.972
2759.970
2799.970
2839.972
2879.972
2919.971
2959.971
2999.973
3039.971
3079.974
3119.968
3159.969
3199.967
3239.966
3279.981
3319.968
3359.966
3399.969
3439.965
3479.965
3519.965
3559.966
3599.963
3639.967
3679.963
3719.964
3759.963
3799.962
3839.962
3879.963
3919.962
3959.962
3999.962
4039.979
4079.960
4119.962
4159.960
4199.962
4239.959
4279.960
4319.964
4359.961
4399.958
4439.961
4479.980
4519.957
4559.962
4599.956
4639.957
4679.957
4719.956
4759.959
4799.958
4839.981
4879.955
4919.954
4959.979
4999.953
5039.961
5079.953
5119.953
5159.953
5199.952
5239.965
5279.951
5319.951
5359.951
5399.951
5439.952
5479.951
5519.950
5559.950
5599.949
5639.949
5679.950
5719.955
5759.957
5799.948
5839.948
5879.946
5919.957
5959.947
5999.967
6039.947
6079.946
6119.954
6159.945
6199.945
6239.947
6279.944
6319.944
6359.944
6399.944
6439.944
6479.945
6519.942
6559.944
6599.943
6639.942
6679.970
6719.946
6759.944
6799.944
6839.941
6879.942
6919.940
6959.939
6999.944
7039.938
7079.941
7119.938
7159.941
7199.939
7239.943
7279.938
7319.937
7359.936
7399.936
7439.936
7479.937
7519.935
7559.934
7599.934
7639.934
7679.934
7719.936
7759.934
7799.937
7839.933
7879.934
7919.932
7959.938
7999.931
8039.931
8079.936
8119.930
8159.929
8199.930
8239.929
8279.938
8319.930
8359.928
8399.929
8439.928
8479.928
8519.932
8559.927
8599.931
8639.928
8679.928
8719.926
8759.926
8799.928
8839.927
8879.925
8919.925
8959.925
8999.924
9039.930
9079.923
9119.923
9159.922
9199.997
9239.923
9279.923
9319.924
9359.960
9399.925
9439.925
9479.924
9519.921
9559.921
9599.922
9639.920
9679.921
